0.0002821,0.0080234,0.0011205,0.32678,0.61031,0.053479,4
1.8479e-10,2.7169e-05,3.0536e-09,0.0012298,0.98786,0.010888,4
5.1518e-18,5.9263e-10,9.3957e-18,3.9755e-07,0.98297,0.017032,4
1.2649e-27,1.002e-14,3.7049e-26,6.9114e-12,0.99005,0.0099536,4
0.0026832,0.082247,0.1093,0.601,0.19089,0.013882,2
1.9406e-06,0.010496,0.0014528,0.65957,0.32779,0.00069545,2
0.43377,0.18428,0.38092,0.00011129,4.7576e-06,0.00090854,1
0.22882,0.34995,0.34833,0.066549,0.002723,0.0036296,2
0.11303,0.36172,0.19433,0.32956,0.0010911,0.0002628,2
0.95419,0.039138,0.0024778,0.004175,4.7828e-06,1.5723e-05,1
0.9876,0.012328,7.4991e-05,5.5097e-08,2.4504e-09,6.9288e-10,1
0.99591,0.002386,0.0010178,0.00068672,3.5505e-08,4.6337e-10,1
0.99972,0.00028228,7.4487e-07,2.4991e-08,6.0677e-12,3.2587e-11,1
0.99991,9.2994e-05,9.6147e-07,8.3958e-09,4.4367e-12,1.8541e-14,1
0.99998,1.6666e-05,8.7607e-09,2.6956e-07,3.2613e-13,2.779e-14,1
0.99998,4.6598e-06,1.1335e-05,2.8305e-08,1.0256e-12,9.3847e-16,1
0.642,0.0099856,0.014057,0.3287,0.0050258,0.00023663,2
0.032829,0.01305,0.86735,0.084599,0.00025442,0.0019149,2
0.098738,0.066,0.71364,0.1168,0.0031141,0.0017084,1
0.96064,0.039286,4.5845e-05,1.5387e-12,2.8835e-12,2.9124e-05,1
0.029744,0.012555,0.32775,0.489,0.0024619,0.13848,2
0.51931,0.05053,0.10854,0.31946,0.00035039,0.0018013,2
0.042464,0.01149,0.81976,0.12026,0.0012923,0.0047274,1
0.002725,0.0016596,0.83343,0.16074,0.00095872,0.00048299,1
0.0072524,0.18581,0.63043,9.04e-05,0.0049203,0.1715,1
0.0020377,0.59238,0.38032,1.3213e-08,2.9613e-07,0.025264,1
6.3938e-05,0.99603,0.0030573,1.6317e-11,2.1004e-09,0.00084969,1
1.964e-08,0.99998,1.2341e-07,9.856e-17,4.6307e-10,1.8309e-05,1
2.5042e-13,0.99998,5.6939e-11,3.5346e-16,6.6444e-08,1.5681e-05,1
2.6524e-14,0.99998,3.7097e-09,2.6488e-12,1.5115e-05,7.2448e-07,1
3.3506e-14,1,4.7911e-10,9.9915e-14,8.0077e-07,6.3631e-09,1
9.5256e-08,7.2417e-07,1.8933e-06,0.010788,0.048392,0.94082,4
0.99222,0.0034061,0.0041431,0.00020753,1.6684e-06,2.57e-05,2
0.6696,0.073138,0.25152,0.0053625,0.00014561,0.00023108,2
0.0045159,0.011493,0.46902,0.42446,0.0024815,0.088024,1
1.081e-05,0.00043897,0.35114,0.59273,0.0015972,0.054086,2
3.2382e-08,4.555e-06,0.10322,0.88682,0.0018709,0.0080781,2
2.291e-10,8.2497e-09,0.00064065,0.95793,0.030936,0.010492,2
6.9676e-13,7.3082e-11,1.2899e-05,0.97062,0.023265,0.0061016,4
0.0002449,0.00087785,4.4767e-09,0.00054233,0.99753,0.00080899,2
5.8472e-09,3.4286e-07,1.0688e-15,2.5267e-08,1,3.5708e-07,2
1.7893e-05,0.053637,3.936e-08,0.00018817,0.94606,9.4911e-05,2
0.29576,0.013286,0.64434,0.044777,0.00063417,0.0012003,3
0.53001,0.0026543,0.33903,0.12806,0.00013721,0.00010787,3
0.83145,0.0052378,0.017546,0.14352,0.0021607,9.0779e-05,3
0.98585,0.0057537,0.00056752,0.0075757,0.000252,2.7429e-07,3
0.98885,0.0053955,0.0014717,0.0042648,1.3031e-05,4.3137e-08,4
0.69076,0.019074,0.28985,0.00010657,3.2094e-06,0.00019948,2
0.00071509,0.0064689,0.12275,0.81048,0.048235,0.011351,3
4.1917e-11,5.043e-05,3.298e-06,0.021989,0.92156,0.0564,4
0.99255,0.002568,0.0047272,8.7706e-05,3.0412e-06,6.3026e-05,2
0.99785,3.5857e-05,0.00072673,0.0013909,3.9501e-07,1.083e-06,1
0.63205,0.055409,0.29886,0.013221,6.8799e-05,0.00038369,2
0.00063296,0.023413,0.0052015,0.75621,0.2071,0.0074476,4
0.0030356,0.044493,1.6301e-05,0.026329,0.92596,0.00016488,2
1.3911e-05,0.0051203,5.3836e-08,0.013109,0.98176,7.015e-07,2
0.96961,0.020325,0.008254,0.001715,1.9938e-07,9.1833e-05,1
0.29095,0.095716,0.61141,0.00030069,0.00017183,0.0014576,1
0.35953,0.052829,0.5876,2.1141e-06,3.0078e-07,3.61e-05,1
0.99134,0.0082364,0.00040266,1.5132e-07,1.1206e-08,2.5012e-05,2
0.99946,0.00017492,0.00035915,1.4446e-06,8.512e-11,1.5792e-09,2
0.0090528,0.008682,0.035011,0.92715,0.017666,0.0024398,4
0.66329,0.093744,0.22919,0.013557,7.6493e-06,0.00020798,2
0.17283,0.4947,0.32698,0.0014412,0.00091865,0.0031202,2
0.96725,0.0066118,0.025752,0.00035499,6.4605e-07,3.228e-05,3
0.99984,8.9526e-05,4.4495e-05,2.131e-05,8.6162e-11,1.0259e-08,4
0.84703,0.14609,0.0067997,2.8916e-05,2.8042e-06,4.899e-05,2
0.022225,0.97696,4.7225e-08,3.1278e-18,8.5551e-14,0.00081386,1
0.0024841,0.023555,0.21933,0.3293,0.37793,0.047408,4
0.058132,0.038892,0.37892,0.48075,0.038264,0.0050402,1
6.2628e-06,2.6236e-05,0.00088261,0.18591,0.14117,0.67201,4
0.002727,0.0031773,0.23535,0.71072,0.025829,0.022197,4
0.97808,0.010803,0.011081,3.3299e-07,5.9611e-09,3.3466e-05,1
0.99404,0.0013887,0.0045744,1.3757e-06,1.7711e-10,2.0614e-07,1
0.99967,0.00017317,0.00015813,2.3297e-08,2.779e-13,7.5254e-09,1
0.99997,2.5802e-06,3.1061e-05,9.4817e-10,1.2861e-14,1.6079e-10,1
0.9992,1.4914e-07,0.0007986,7.9966e-07,1.2297e-14,8.6677e-11,1
0.0168,0.069206,0.89975,0.00077437,0.0007795,0.012688,2
0.012356,0.13382,0.85362,2.2822e-07,1.3091e-07,0.00020527,2
0.89266,0.02656,0.0014285,0.079211,0.00010351,3.7898e-05,1
0.99451,0.0054923,4.9047e-08,7.6714e-07,2.2802e-08,6.1736e-10,1
0.99636,0.0024878,6.9037e-05,0.0010874,4.2858e-08,2.0207e-13,1
0.99576,0.000874,0.0012498,0.0021148,2.0543e-07,9.3031e-10,1
0.94919,0.001053,0.0064032,0.043352,4.8702e-06,2.0848e-07,1
0.99907,6.6334e-05,0.00082936,3.5612e-05,3.4527e-09,1.5256e-07,1
0.9982,7.1679e-06,0.00057166,0.0012223,1.9273e-10,4.6757e-09,1
0.0056887,0.0011545,0.024396,0.89585,0.026059,0.046856,4
2.5552e-05,1.0689e-05,0.00017154,0.99065,0.0089981,0.0001483,4
1.9065e-07,1.2834e-07,3.4274e-06,0.99553,0.0044596,2.6618e-06,4
3.3439e-09,1.321e-09,3.6745e-08,0.99418,0.0058223,6.7328e-07,4
0.0091767,0.025409,0.31297,0.55068,0.046323,0.055438,2
6.328e-05,0.024397,0.026217,0.005465,0.83822,0.10564,4
6.0503e-11,0.00038452,1.4212e-05,9.978e-07,0.9916,0.0079981,4
8.751e-14,2.7928e-05,1.4126e-06,2.2911e-08,0.99826,0.0017108,4
8.8759e-16,1.324e-06,9.2197e-09,5.2747e-11,0.99902,0.00097995,4
4.1389e-10,3.547e-06,1.3214e-08,2.0316e-07,0.0030012,0.997,2
1.6931e-20,4.2751e-13,1.6273e-17,5.1712e-14,4.5038e-07,1,2
4.4757e-32,5.5003e-20,2.6166e-28,1.4376e-22,8.2698e-12,1,2
2.8842e-41,4.5481e-28,3.9414e-39,1.6182e-30,4.8478e-16,1,2
3.6029e-49,7.1535e-36,9.2544e-42,6.1562e-32,6.7256e-18,1,2
2.6365e-58,2.7372e-36,4.8121e-43,1.4768e-32,1.3117e-17,1,2
0.4269,0.079924,0.087017,0.40191,0.0038228,0.00042129,1
0.62745,0.10085,0.26931,0.0019137,4.6509e-06,0.00047519,1
0.98804,0.0068703,0.0041965,0.00087661,1.8896e-06,9.7195e-06,1
0.99943,0.00044929,5.6818e-05,6.0785e-05,7.0693e-10,1.919e-09,1
0.99999,8.5873e-06,2.3977e-06,3.2481e-07,4.9517e-13,3.1789e-12,1
0.99463,1.2168e-06,0.0025531,0.002811,1.077e-10,2.8339e-11,1
0.97326,5.8041e-07,0.012425,0.014308,2.6702e-06,4.0628e-07,2
0.001317,0.7941,0.058964,2.6134e-06,0.0030421,0.14258,2
0.00090697,0.0029129,0.00022851,0.45374,0.51187,0.030338,1
1.8607e-05,1.1491e-05,1.2764e-06,0.59878,0.40064,0.00054745,1
6.591e-08,7.5144e-08,1.8463e-08,0.67711,0.32287,1.9241e-05,1
0.73577,0.11528,0.1484,0.0002796,1.292e-05,0.00026047,1
0.53637,0.1724,0.29084,0.00035263,6.1627e-06,3.4511e-05,1
0.80092,0.083214,0.11585,1.6731e-05,1.1664e-07,7.0397e-06,1
0.61567,0.048043,0.33608,0.00018652,3.3089e-07,1.8411e-05,1
5.8678e-15,0.0034137,9.689e-07,8.5791e-08,0.053669,0.94292,4
0.0070942,0.017691,0.87215,0.088747,0.0073811,0.0069338,4
5.9429e-05,0.00098664,0.97221,0.025958,0.00021602,0.00056787,4
1.2758e-09,5.8785e-05,8.7986e-06,0.00018728,0.17214,0.82761,4
0.98339,0.0043001,5.4609e-05,0.012231,6.1014e-06,1.7513e-05,1
0.99962,6.5414e-05,2.5603e-08,0.00031784,3.1387e-08,1.274e-10,1
0.13064,0.0065075,0.74639,0.11251,0.001177,0.002775,2
0.0065029,0.0037673,0.8706,0.09536,0.0027788,0.020988,1
0.0013816,0.0011735,0.049624,0.90722,0.028944,0.011657,3
1.2595e-06,5.5409e-06,0.00409,0.98108,0.013146,0.0016812,3
1.6172e-09,4.1658e-08,9.7701e-05,0.99034,0.0095402,2.1651e-05,3
3.0521e-11,3.0752e-09,1.5362e-05,0.9977,0.0022831,2.2098e-06,3
0.086851,0.007588,0.87254,0.031537,0.00015278,0.001332,2
0.36112,0.029585,0.60671,0.002056,1.0328e-05,0.00051265,2
0.016926,0.030562,0.43032,0.51575,0.0041233,0.0023191,4
0.0032833,0.0051574,0.56194,0.42943,0.00014768,4.4011e-05,4
0.00015825,0.00064417,0.43118,0.56769,0.00024001,8.9142e-05,4
8.8433e-06,7.0043e-05,0.46142,0.53808,0.00035789,6.9355e-05,4
3.4425e-07,6.0714e-05,1.9458e-05,0.017224,0.12936,0.85333,3
8.6409e-12,2.3602e-08,1.5192e-09,0.0043227,0.019988,0.97569,3
1.1036e-16,2.6171e-12,4.43e-13,0.0012206,0.0073599,0.99142,4
9.78e-24,3.9224e-17,1.8928e-18,2.1517e-05,0.00216,0.99782,4
3.8014e-31,3.1842e-22,5.9925e-25,5.3811e-08,0.00063851,0.99936,4
6.9438e-40,1.6717e-29,4.2274e-31,1.1797e-12,3.8229e-05,0.99996,4
0.038171,0.0054195,0.93738,0.011148,0.00044846,0.0074337,3
0.00015181,0.22263,0.72649,0.0012971,0.0004076,0.049018,3
0.00030109,6.6678e-05,8.4429e-06,0.2103,0.042056,0.74727,4
5.1554e-09,1.0654e-09,1.7528e-12,0.0081571,0.00051588,0.99133,4
5.4119e-15,2.3157e-14,2.6476e-17,0.0003328,9.4829e-05,0.99957,4
1.5469e-25,1.1395e-22,1.1974e-31,5.1854e-09,1.7267e-10,1,4
0.84592,0.012678,0.14077,0.00049892,9.5911e-07,0.00013497,1
0.77135,0.0068082,0.0074678,0.21153,0.0026918,0.00015325,1
0.0086922,0.0094499,0.069702,0.89891,0.011324,0.001917,1
0.00043835,0.00017209,0.0077,0.99066,0.0010239,6.2356e-06,1
0.0074646,0.0029493,0.14653,0.82709,0.010679,0.0052963,3
0.00021902,1.8569e-05,0.010718,0.98664,0.0023648,3.8648e-05,3
6.3205e-06,1.1163e-07,0.00082183,0.99647,0.0026998,2.6975e-06,3
4.6744e-07,4.2656e-09,1.5271e-05,0.99567,0.0043097,7.0747e-07,3
1.7879e-09,2.6398e-11,2.033e-08,0.9914,0.0085948,1.928e-06,4
8.2239e-07,0.011544,0.00036223,0.031211,0.91694,0.039944,4
0.99577,0.0036052,0.00061281,1.1148e-05,2.2538e-08,2.3607e-06,1
0.99922,0.00016772,0.0004468,0.00016617,3.9758e-10,1.1518e-09,1
0.29837,0.010261,0.63782,0.052539,0.00017549,0.00083576,2
0.40153,0.0028874,0.40221,0.19327,4.6413e-05,5.8075e-05,2
0.75819,0.22059,0.019972,1.8654e-08,2.4174e-07,0.0012387,2
0.070016,0.044634,0.88321,0.00071606,1.0404e-05,0.0014159,2
2.5125e-05,0.004477,0.098471,0.11191,0.11005,0.67506,2
5.2626e-09,0.0016056,0.0066121,1.3915e-05,0.0030773,0.98869,2
1.1314e-11,6.4732e-05,0.0019715,3.6406e-05,0.00091325,0.99701,2
1.1526e-12,2.1476e-06,3.5714e-05,1.3655e-08,1.9404e-05,0.99994,2
8.8024e-16,4.0953e-09,1.8785e-07,1.727e-08,5.3672e-06,0.99999,2
0.0041708,0.0045105,0.10619,0.87406,0.004213,0.0068569,2
1.1774e-08,1.2e-06,4.1147e-07,0.0017552,0.0097918,0.98845,4
0.02133,0.0061745,0.95941,0.0088702,0.00016008,0.0040594,4
0.15977,0.012132,0.79822,0.000161,1.3807e-05,0.029706,1
0.069981,0.0010393,0.92864,4.6448e-06,4.0546e-09,0.0003381,1
0.003224,2.7665e-05,0.99636,0.00012362,5.4547e-09,0.00026922,1
0.026972,0.0065604,0.0085641,0.94761,0.00972,0.00057049,2
0.012909,0.022139,0.95168,0.0074909,0.00050585,0.0052748,2
0.00061516,0.0011829,0.9944,0.0019181,8.7707e-07,0.0018787,2
1.1693e-05,4.7814e-05,0.99878,0.000703,1.1481e-07,0.00045542,2
1.4306e-06,7.634e-06,0.99973,3.7701e-05,4.5423e-09,0.00022812,1
7.2818e-07,5.1407e-07,0.99975,1.6834e-05,1.1197e-09,0.00023584,1
2.8728e-07,3.8898e-08,0.99917,0.00024322,1.2852e-09,0.00058462,1
0.98997,0.00702,0.0029914,1.4966e-07,9.8852e-10,2.1806e-05,2
0.99899,0.00014076,0.00087056,2.4151e-06,1.3978e-10,1.461e-08,2
0.99723,7.9867e-06,0.0025589,0.0002039,9.7325e-11,6.8206e-09,2
0.99775,4.0316e-07,0.0019747,0.00027957,4.2944e-10,1.5115e-08,2
0.97405,6.9186e-08,0.020992,0.004956,9.9348e-09,1.8748e-07,2
0.99007,1.2863e-08,0.0076183,0.0023151,1.4592e-07,3.6993e-07,2
0.99876,5.0336e-09,0.0012327,4.0054e-06,2.6482e-10,2.5093e-07,2
0.9997,5.1263e-09,0.00028615,1.0919e-05,6.609e-13,1.1863e-09,2
5.0788e-06,0.021109,0.0046017,0.26209,0.41291,0.29929,4
1.2153e-13,6.5327e-05,2.927e-07,0.0045839,0.47445,0.5209,4
0.016303,0.0015112,0.00019945,0.42022,0.55894,0.0028325,1
0.94994,0.014076,0.0007231,0.03461,0.00061787,3.7039e-05,1
5.4606e-07,3.6378e-06,1.1515e-05,7.6099e-05,0.0001187,0.99979,4
0.0038981,0.029771,0.57071,0.3824,0.0020263,0.011202,2
0.0011515,0.02476,0.95461,0.019443,5.6667e-06,2.8902e-05,2
4.2251e-05,0.0087688,0.97524,0.015763,2.9679e-06,0.0001858,2
0.00093032,0.016293,0.85801,0.087948,0.0045806,0.03224,2
0.0089766,0.023728,1.187e-06,0.036787,0.93006,0.00045124,2
0.00064634,0.0011818,0.0017169,0.90216,0.071111,0.023184,4
0.007115,0.010572,0.62222,0.35308,0.0031155,0.0039024,1
0.97668,0.0047879,0.0029448,0.015546,1.0641e-05,3.261e-05,1
0.9999,5.4901e-05,9.4261e-06,3.6968e-05,6.5816e-10,1.7815e-09,1
3.1287e-15,0.00060122,1.7808e-10,4.9531e-11,5.1959e-05,0.99935,4
2.7766e-26,2.6044e-07,3.4725e-20,1.0381e-20,1.8456e-08,1,4
2.6924e-28,3.2078e-11,3.6466e-23,1.088e-22,1.6945e-11,1,4
0.039641,0.015286,0.83933,0.10402,0.00037812,0.0013503,1
0.0055229,0.0017279,0.99167,0.00099401,4.012e-07,8.8453e-05,1
0.006073,0.083885,0.24204,0.63718,0.02387,0.0069498,2
0.12495,0.0051161,0.098538,0.76261,0.0076428,0.0011364,1
0.0050323,9.0049e-05,0.0055964,0.98741,0.0018635,6.7939e-06,1
0.16075,0.008868,7.7838e-05,0.31226,0.51722,0.0008212,1
0.04438,0.00048369,3.3308e-08,0.079235,0.8759,6.3062e-07,4
0.02372,0.97583,1.6053e-05,3.1107e-14,4.2763e-11,0.0004311,2
0.604,0.040345,0.35279,0.002544,1.4497e-05,0.00030626,1
0.016638,0.033492,0.2848,0.64169,0.012346,0.011039,2
2.1619e-06,0.00046075,0.024264,0.94837,0.023999,0.0029024,2
0.29197,0.68072,0.024511,6.0905e-06,1.6187e-06,0.0027875,2
0.23087,0.76906,6.6422e-05,7.173e-10,6.3711e-10,1.3017e-06,2
0.019655,0.04099,0.9354,0.0011727,4.1391e-05,0.0027383,1
1.3071e-19,0.022,2.8051e-10,7.5925e-11,0.00072729,0.97727,4
0.00040826,0.0090207,0.25909,0.67813,0.032976,0.020366,1
8.8343e-07,0.00079857,0.31709,0.66377,0.0021834,0.016157,1
1.1612e-08,4.8261e-05,0.243,0.73962,0.0069986,0.010327,1
1.4642e-09,1.521e-06,0.081473,0.88353,0.026925,0.0080739,2
6.2512e-06,0.00088747,0.020009,0.12703,0.11103,0.74104,2
0.17662,0.14713,4.3031e-05,0.14053,0.53515,0.00053688,4
6.3613e-06,0.00078254,2.4528e-08,0.0047961,0.9944,1.23e-05,4
3.4473e-10,1.3192e-05,2.5246e-14,9.1043e-06,0.99998,7.1111e-07,4
6.1006e-19,2.4723e-09,5.3407e-22,2.7469e-10,0.99969,0.00030658,4
0.082053,0.012859,0.90244,0.0012485,4.74e-05,0.0013493,1
0.2574,0.11406,0.62525,0.0021873,0.00016184,0.00093609,1
0.20344,0.092766,0.70372,1.839e-05,5.4277e-07,5.5263e-05,1
0.49778,0.008159,0.47604,0.017234,0.000101,0.0006852,1
0.62408,0.00040871,0.37192,0.0035305,2.4467e-06,5.7549e-05,1
0.023378,0.09979,0.87035,0.0003604,2.4314e-05,0.0060994,1
0.00028403,0.0947,0.90382,3.5661e-06,1.8617e-07,0.0011905,1
0.85706,0.095813,0.0452,4.8118e-05,8.2528e-06,0.0018736,2
0.71974,0.021774,0.25813,0.00020472,5.3026e-06,0.00015311,1
0.055213,0.12629,0.78001,0.024669,0.0059232,0.0078881,2
0.17532,0.038205,0.76928,0.016046,0.00015872,0.00099295,2
0.00094994,0.0076968,1.3344e-05,0.069857,0.92026,0.0012242,4
0.84832,0.02119,0.13033,8.3777e-06,1.7708e-07,0.00015495,2
0.96762,0.0032115,0.029165,1.0813e-07,2.6955e-10,1.9317e-06,2
0.64458,0.025995,0.32759,0.0015946,1.4561e-05,0.00022377,2
0.12871,0.017765,0.85211,0.00029885,3.6028e-05,0.0010747,1
0.0064797,0.03122,0.75445,0.14791,0.033347,0.026597,2
0.83842,0.075277,0.026648,0.057541,0.0019788,0.00013501,2
0.0013482,0.075345,0.76709,0.050586,0.057753,0.047875,2
0.00090666,0.025994,0.97129,0.0015428,9.2248e-06,0.00025842,2
0.0066787,0.010065,0.18469,0.78561,0.010251,0.0027026,1
0.16146,0.025291,0.81059,0.0016435,0.00017774,0.00083659,2
0.01276,0.0032576,0.98384,2.1429e-05,5.4856e-07,0.00011732,2
0.0079719,0.0091424,0.7862,0.15835,0.0099121,0.028418,2
0.0018665,0.011272,0.9857,0.00051103,5.0635e-06,0.00064303,2
1.6288e-14,7.5584e-12,6.1938e-15,3.6422e-08,0.00067331,0.99933,4
4.8629e-05,0.00015034,0.004017,0.58154,0.25845,0.1558,2
1.155e-09,4.196e-07,7.9043e-06,0.26433,0.68107,0.05459,2
0.16202,0.015447,0.82078,0.00078609,1.1658e-05,0.00094911,2
0.2371,0.071827,0.00072737,0.68942,0.00049484,0.00043253,4
0.029421,0.0083722,4.652e-06,0.96212,8.5382e-05,3.5193e-07,4
0.0040692,0.00078706,3.7216e-07,0.99513,9.4874e-06,2.1424e-07,4
7.1643e-05,5.9434e-06,1.0589e-08,0.99949,0.00042924,5.7555e-07,4
0.8334,0.071267,0.095142,1.8463e-05,5.1411e-06,0.00016971,1
0.99812,0.0018598,1.8701e-05,6.4756e-08,3.4887e-11,1.0562e-08,1
2.6533e-06,4.7084e-05,0.00018803,0.0027912,0.0065029,0.99047,4
0.64122,0.016547,0.21401,0.12746,0.00043986,0.0003228,1
0.2122,0.16448,0.62246,3.8257e-05,2.5387e-05,0.00079339,2
0.030943,0.0085323,0.9417,0.016213,0.00026331,0.002352,1
0.031483,0.0012729,0.96717,3.3245e-05,3.0606e-08,4.5648e-05,1
0.010196,7.2878e-05,0.98963,5.0738e-05,2.1938e-09,4.9115e-05,1
0.003247,8.4907e-06,0.99653,0.00017627,2.7884e-10,3.6597e-05,1
0.001059,0.0097075,0.69196,0.2666,0.010759,0.019912,4
9.8279e-06,0.00033241,0.92448,0.074451,0.00013059,0.00059928,4
2.1469e-08,3.6744e-05,0.90808,0.085845,0.0013421,0.0046936,4
4.047e-08,1.3802e-06,0.7925,0.19835,0.0008845,0.0082576,4
2.009e-06,0.0022808,0.00039464,0.048997,0.89625,0.052079,4
0.0037498,0.042651,0.79918,0.1472,0.0024359,0.0047873,3
1.1775e-05,0.0023937,0.53351,0.4537,0.00078685,0.0096066,3
2.2042e-07,0.00045956,0.26,0.73908,0.00012675,0.00033549,3
0.99407,0.0051495,0.00050653,0.00023336,2.9484e-06,3.7013e-05,2
0.0076057,0.037589,0.93543,0.01277,0.00022332,0.0063856,2
0.037926,0.0094895,0.1081,0.84102,0.0010456,0.0024205,1
0.0017641,0.00034829,0.010823,0.98692,0.00013781,1.0629e-05,1
7.5449e-05,7.4753e-06,1.1287e-06,0.9999,1.1997e-05,5.2107e-07,1
1.0135e-05,5.2288e-07,4.7756e-10,0.99998,7.819e-07,1.0083e-05,1
0.043735,0.022834,0.67252,0.22433,0.029009,0.0075761,1
0.0070305,0.017427,0.94916,0.020409,0.0056293,0.00033968,1
0.00042964,0.00050566,0.99783,0.00082536,1.6191e-05,0.00039102,1
4.0071e-05,6.7599e-05,0.9989,0.00079258,1.234e-06,0.00020023,1
3.1458e-06,5.0894e-05,0.7112,0.23342,0.0018333,0.053498,2
0.30353,0.014289,0.65393,0.027192,8.1646e-05,0.00097882,1
0.41508,0.001202,0.57611,0.0075265,1.5089e-06,7.2676e-05,1
0.24759,0.094236,0.65732,1.269e-05,2.0991e-05,0.00081483,2
0.18909,0.2143,0.59649,6.8959e-07,8.5274e-06,0.00010581,2
0.32427,0.071084,0.60365,0.00019904,3.3704e-06,0.00079209,1
0.32279,0.025529,0.0016472,0.61238,0.03743,0.00022333,4
0.36001,0.065698,0.57224,0.00038134,4.0251e-06,0.0016698,1
5.2769e-05,0.00043312,0.0093476,0.0068698,0.0030897,0.98021,4
0.049977,0.011917,0.93111,0.003142,4.8046e-05,0.0038041,1
0.0056733,0.035377,0.94922,0.0053096,0.00025081,0.0041701,1
1.3702e-05,0.01601,0.98245,0.0007023,5.9085e-06,0.00081364,1
0.4627,0.49102,0.0038384,0.042167,5.6551e-06,0.00026442,1
0.19063,0.019718,0.022272,0.76459,0.0025146,0.00027267,2
0.22651,0.017082,0.00061983,0.72228,0.03335,0.00015609,2
0.046898,0.024823,1.7592e-07,0.01576,0.91224,0.00028173,2
9.4342e-05,0.0028559,1.6595e-11,5.2833e-05,0.997,8.2131e-08,2
3.1853e-06,0.00068885,3.3771e-05,6.7778e-05,2.2247e-05,0.99918,4
5.2768e-12,1.1781e-06,1.1064e-08,2.4864e-08,1.5967e-06,1,4
3.975e-19,3.0978e-10,3.7137e-15,7.3417e-13,6.7765e-11,1,4
9.4297e-27,3.0774e-14,8.348e-21,8.3361e-17,1.1276e-12,1,4
0.0035232,0.17565,0.58501,0.019162,0.08761,0.12905,4
4.2978e-08,0.0036472,0.0063176,0.00026099,0.12266,0.86711,4
1.0899e-12,0.00033341,0.00013588,1.4345e-06,0.013379,0.98615,4
1.4554e-16,1.4131e-07,6.0379e-09,4.8841e-10,0.0022545,0.99775,4
3.8349e-05,0.00080642,0.032006,0.26415,0.11883,0.58417,4
0.054331,0.056579,0.873,0.013447,0.00045461,0.0021831,1
0.77419,0.20212,5.4864e-05,0.023532,8.9813e-05,1.1279e-05,3
0.19339,0.77571,0.00079921,0.030071,3.0336e-05,1.7879e-08,3
0.21991,0.76249,1.5259e-06,0.017458,0.00013509,2.6999e-09,3
0.42346,0.56573,3.4584e-06,0.010482,0.00031797,3.3685e-09,3
0.0074512,0.98638,1.5273e-05,0.0050807,0.0010722,4.591e-09,3
0.00013593,0.99666,1.8403e-07,0.0022516,0.00095032,8.8992e-10,3
3.1324e-07,0.99762,2.5076e-10,0.00023932,0.0021407,5.9205e-10,3
1.4323e-08,0.0014651,7.6527e-09,8.6905e-05,0.98015,0.018294,3
0.0060041,0.028558,0.40077,0.55825,0.0031281,0.0032896,2
1.9193e-05,0.0024903,0.25778,0.73549,0.0038481,0.00037002,2
0.27975,0.070812,0.63241,0.016115,2.3343e-05,0.00088961,1
0.017681,0.0046799,0.91955,0.052076,0.00073365,0.0052833,2
0.98854,0.0096453,1.3807e-05,0.0017292,6.1804e-05,5.4481e-06,1
0.9996,0.00037226,8.9216e-08,3.1544e-05,1.586e-08,1.3525e-11,1
0.99997,1.0682e-05,6.0547e-08,2.1176e-05,9.2403e-10,3.365e-14,1
0.99982,9.5142e-07,3.0081e-08,0.0001803,1.3599e-08,9.6928e-14,1
0.99934,2.8472e-08,2.0546e-07,0.00065558,4.8023e-07,9.147e-12,1
6.969e-09,0.00038241,0.00017474,0.0013082,0.35999,0.63815,3
0.0026295,0.92123,0.043341,6.4284e-05,0.0066283,0.026103,2
0.028169,0.019789,0.94038,0.0067011,0.0010307,0.0039307,1
0.00079595,0.00075586,0.99449,0.0036029,2.034e-05,0.0003365,1
2.0255e-05,4.916e-05,0.99953,0.00021753,8.8247e-07,0.00018333,1
1.1212e-06,8.3278e-06,0.99921,1.5714e-05,3.5095e-08,0.00076461,1
6.5125e-07,7.4397e-07,0.99975,9.0108e-05,1.5258e-09,0.00015853,1
1.1014e-06,1.1096e-07,0.9998,5.8194e-06,4.6158e-09,0.00019786,1
3.4716e-07,7.6903e-09,0.9993,0.00042306,2.2274e-09,0.00027371,1
0.010574,0.053561,0.90669,0.017498,0.002962,0.0087171,3
0.11024,0.12827,0.16771,0.59093,0.0023362,0.00051408,1
0.0034893,0.99528,4.6612e-06,2.0489e-07,0.0011429,8.5167e-05,4
0.024019,0.93723,0.012676,1.665e-10,1.9363e-05,0.026052,2
0.00017508,0.0029509,0.057132,0.72856,0.16901,0.04217,3
0.046657,0.2555,0.00020032,0.5919,0.10537,0.00037131,2
0.26683,0.061029,0.65844,0.012887,0.0001551,0.00065728,1
2.9745e-05,0.00016913,1.5477e-05,0.034084,0.95212,0.013578,2
1.2976e-09,7.2488e-08,2.5131e-09,0.008685,0.99027,0.0010482,2
2.0339e-14,4.6777e-11,1.6872e-14,0.00019627,0.99979,1.0479e-05,2
1.3842e-19,2.772e-14,9.4392e-21,9.2818e-07,1,1.5961e-06,2
2.5248e-24,4.6173e-18,5.5462e-26,9.0008e-09,1,4.8282e-06,2
0.94262,0.057343,1.1255e-06,3.6005e-05,7.0961e-08,1.5989e-06,1
2.0735e-09,8.2599e-05,2.412e-06,0.00068583,0.24801,0.75122,4
0.89682,0.10306,1.5115e-08,6.1841e-19,2.4536e-13,0.00011591,2
0.96448,0.013267,0.022125,9.8792e-05,1.6185e-07,2.553e-05,2
0.99786,0.00067268,0.0014514,1.6161e-05,1.5837e-10,1.538e-07,2
0.0010479,0.018899,0.42742,0.2396,0.006689,0.30634,3
0.01286,0.0047398,0.83408,0.13411,0.0023299,0.011882,2
0.034821,0.24002,0.71393,0.00046358,0.0035458,0.007222,3
0.9707,0.017602,0.00038824,0.011255,4.2351e-05,9.7387e-06,1
0.99933,0.00049155,1.7212e-06,0.00017772,2.5384e-08,8.3163e-11,1
0.98926,6.0231e-05,0.0010828,0.0095933,1.241e-07,3.7858e-11,1
0.94815,5.8437e-06,0.0011958,0.050616,3.1806e-05,7.035e-08,1
0.93876,3.3868e-07,0.00027229,0.06092,4.615e-05,2.5052e-08,1
0.99903,9.7202e-09,2.8081e-06,0.00096598,8.4853e-07,1.7978e-10,1
0.99964,4.224e-09,4.6931e-06,0.00035258,1.9318e-08,3.9881e-12,1
0.29924,0.25097,0.42384,6.8832e-06,1.2811e-06,0.025939,1
0.046713,0.097097,0.85352,3.3673e-06,6.1858e-07,0.0026634,1
4.1829e-07,0.00093407,3.4627e-05,0.00075909,0.0028057,0.99547,4
7.6217e-16,1.1162e-06,1.4835e-09,1.1408e-07,2.7794e-05,0.99997,4
8.3946e-24,3.8855e-10,1.1491e-14,1.1089e-11,2.5778e-07,1,4
8.8999e-36,2.4942e-17,2.3278e-26,2.9108e-20,4.5502e-10,1,4
8.8903e-06,0.99984,5.1817e-05,1.5436e-12,5.0165e-11,0.00010188,2
4.8827e-13,1,4.3626e-08,1.5275e-15,7.8436e-11,1.1521e-08,2
0.38282,0.01646,0.53769,0.061065,0.00014848,0.0018191,2
0.25544,0.00087736,0.72409,0.019417,9.7764e-06,0.00017015,2
0.18505,0.0037249,0.0017562,0.79257,0.016192,0.00070697,3
0.011199,2.265e-05,1.2566e-07,0.97898,0.0097837,1.0745e-05,4
0.64726,0.12669,0.17662,0.048129,0.00035745,0.00094254,1
0.024428,0.031294,0.27054,0.66824,0.0011992,0.0043046,1
0.0003254,0.0010892,0.0014284,0.99651,0.00053788,0.00010709,1
7.1533e-07,0.00078133,0.0011748,0.9971,0.00084702,9.1846e-05,1
8.3863e-08,0.00026434,6.5211e-07,0.99971,4.1235e-06,1.5852e-05,1
1.2185e-09,6.8904e-06,4.1346e-10,0.87781,0.12218,1.108e-06,1
8.0148e-11,1.3992e-07,2.4583e-20,0.0001119,0.99989,3.0942e-08,1
0.051326,0.075957,0.71094,0.15486,0.0034284,0.0034975,1
0.0048593,0.010506,0.97823,0.0063013,1.4033e-05,9.3039e-05,1
1.2519e-08,0.0048093,0.0011962,0.0031363,0.33636,0.6545,3
1.5621e-17,2.5898e-05,2.2273e-07,1.1041e-06,0.12047,0.8795,3
5.9091e-21,1.669e-07,4.1079e-11,5.72e-10,0.025497,0.9745,4
4.2091e-28,4.3887e-12,2.4238e-18,1.619e-15,0.0017444,0.99826,4
4.76e-33,1.6712e-15,1.0305e-24,2.4703e-21,7.4737e-05,0.99993,4
0.53636,0.024072,0.18936,0.24879,0.0010465,0.00037943,1
0.034562,0.029542,0.0017473,0.79282,0.14018,0.0011483,3
0.094681,0.010199,0.89171,0.00077985,3.7063e-05,0.0025921,2
0.024707,0.048153,0.34007,0.00096852,0.0010671,0.58503,1
8.5492e-05,0.01418,0.47147,0.001672,0.00013638,0.51246,1
0.0081722,0.98275,0.00067025,1.2582e-05,0.007217,0.0011805,3
3.1846e-05,0.99835,2.6382e-06,1.3967e-07,0.0015978,1.4505e-05,3
2.6311e-08,0.99734,2.2286e-09,1.01e-10,0.002659,2.7152e-07,3
2.4544e-11,0.99915,2.8769e-11,1.4214e-12,0.00085426,3.0201e-08,4
1.713e-06,0.00074787,2.9645e-05,0.017282,0.95087,0.031063,3
2.3886e-13,1.0349e-05,3.0436e-11,1.7379e-05,0.99977,0.00020664,4
2.7638e-21,1.8674e-07,2.6585e-17,1.1584e-08,0.99999,8.0106e-06,4
6.6431e-23,1.4109e-09,1.1446e-20,3.2294e-11,1,2.5238e-06,4
4.6061e-26,1.3494e-12,5.8843e-23,7.7714e-14,0.99998,2.0077e-05,4
9.1436e-30,3.2101e-15,1.3735e-27,3.5634e-18,1,3.2364e-06,4
0.00019396,0.0017277,0.0063605,0.59815,0.3519,0.041673,1
6.5647e-09,4.6148e-06,3.0013e-06,0.13161,0.86217,0.0062154,1
0.0018669,0.0032312,0.0055453,0.8838,0.1025,0.0030576,1
0.0014708,0.0041943,9.0044e-05,0.17521,0.81426,0.0047769,1
1.4574e-07,0.025139,7.47e-05,0.0041435,0.92378,0.046866,2
2.2653e-13,0.00092281,8.8959e-09,1.237e-05,0.99686,0.002204,2
1.0612e-20,3.8836e-07,5.2717e-14,1.3145e-08,0.99968,0.00031634,2
5.5921e-25,5.2462e-10,2.3472e-19,4.8726e-12,0.99994,6.1356e-05,2
0.014572,0.059392,0.57111,0.25466,0.028109,0.07215,2
0.11295,0.044614,0.70305,0.058613,0.00022297,0.080544,1
0.00021517,0.015641,0.09498,0.44342,0.12464,0.32111,4
4.6913e-07,0.00042921,0.025508,0.6244,0.0068177,0.34284,4
8.1257e-09,0.00050777,0.00014676,0.010827,1.3887e-05,0.9885,4
0.31015,0.011009,0.67523,0.002482,3.4987e-05,0.0010965,3
0.15071,0.00052445,0.84776,0.00025195,2.0377e-07,0.00075209,3
0.021554,1.2856e-05,0.97797,0.0002807,1.5032e-08,0.00018702,3
0.0062581,4.6721e-07,0.99301,0.00030414,1.9161e-08,0.00042378,3
0.00046551,7.8944e-09,0.99761,0.00098451,7.2869e-08,0.00094426,3
3.7978e-05,3.2248e-09,0.99868,0.0005757,1.7044e-07,0.00070286,3
5.3514e-06,2.6461e-09,0.99314,0.006525,3.2137e-07,0.00033079,3
3.007e-12,6.8422e-11,7.8686e-11,7.3945e-05,7.3873e-11,0.99993,4
0.18436,0.71928,0.084553,3.2431e-08,4.5263e-07,0.011807,2
0.024726,0.97252,0.0026323,2.8195e-11,3.5127e-09,0.00011847,2
1.1858e-05,0.57784,0.33995,0.00081035,0.00012224,0.081265,2
5.5793e-11,0.85783,0.11346,9.7913e-06,1.558e-05,0.028687,2
2.7671e-10,0.97274,0.024509,4.7709e-07,6.9097e-07,0.0027454,2
2.2829e-12,0.99785,0.0020039,8.8095e-09,5.7712e-07,0.00014816,2
3.4358e-13,0.99929,0.00058651,2.2335e-08,6.1024e-05,6.6056e-05,2
1.8994e-13,0.99994,5.565e-05,1.5106e-10,6.2113e-07,3.1955e-06,2
1.506e-15,0.99999,3.4762e-06,4.5073e-11,2.6413e-06,5.5817e-07,2
4.8148e-15,1,2.0292e-07,3.7752e-13,1.9348e-07,1.339e-08,2
0.19768,0.026785,0.76899,0.00068254,5.4803e-06,0.0058622,2
9.4877e-11,0.021355,0.00012579,2.7254e-08,0.0096451,0.96887,4
0.008576,0.012664,0.66176,0.28281,0.016707,0.017481,2
0.0045175,0.0032228,0.64788,0.34417,8.6006e-05,0.00012406,2
1.5502e-11,1.8121e-05,6.3957e-07,1.9429e-05,0.20649,0.79348,4
0.004329,0.0031659,0.54188,0.41216,0.012306,0.026155,2
0.00015512,9.9551e-05,0.62344,0.36225,0.0017083,0.012344,2
0.14165,0.0089209,0.53004,0.3126,0.0031806,0.0036091,1
0.96648,0.030043,2.9128e-05,0.0033975,4.4951e-05,2.2604e-06,3
0.99869,0.0012457,5.7481e-06,5.7869e-05,6.7395e-09,1.7189e-11,4
0.37729,0.18108,0.00025674,0.42379,0.017524,5.706e-05,2
0.87774,0.0064204,0.072369,0.043047,0.00018404,0.00024068,2
0.98907,0.0070987,0.0037998,5.8031e-08,1.3624e-09,3.2374e-05,2
1.3685e-08,0.001293,3.0898e-06,6.1975e-07,0.030556,0.96815,4
0.0034029,0.017499,0.069186,0.87574,0.032116,0.0020558,2
8.0497e-10,1.2964e-07,1.296e-07,0.00061242,0.0073335,0.99205,4
4.2888e-09,2.3736e-07,4.2214e-08,0.0004844,0.0008213,0.99869,4
0.030284,0.034674,0.89161,0.03745,0.0031836,0.002802,1
0.017996,0.021537,0.95253,0.0077445,5.2849e-05,0.00013634,1
0.90896,0.069906,0.02111,9.5112e-06,4.5231e-09,9.4978e-06,1
0.82694,0.052768,0.095836,0.024356,8.153e-05,1.5312e-05,1
0.62332,0.03845,0.33813,7.0922e-05,6.6323e-07,3.3098e-05,1
0.77889,0.11969,0.10123,3.4523e-05,6.8967e-08,0.00015317,2
2.4129e-09,1.0466e-05,6.848e-09,5.9115e-07,1.235e-06,0.99999,4
7.4098e-20,2.3116e-12,4.7674e-18,3.9765e-13,6.2647e-11,1,4
2.1562e-33,2.5512e-21,6.4053e-31,3.7108e-21,4.0244e-16,1,4
1.4253e-46,1.4248e-31,5.0444e-44,3.0891e-30,9.1635e-20,1,4
1.6549e-07,1,1.8258e-11,1.8776e-27,1.9452e-15,2.736e-06,1
1.0592e-10,1,1.2982e-10,1.6912e-19,2.387e-07,7.9437e-09,1
4.0909e-12,0.99999,2.2559e-10,5.3895e-17,7.546e-06,3.2672e-09,1
8.8905e-15,1,1.1667e-14,6.2648e-24,2.1467e-10,5.3166e-12,1
1.4041e-08,2.4837e-07,1.3155e-06,0.00059831,0.0060195,0.99338,3
0.077203,0.11276,0.77551,4.9552e-05,0.00071538,0.03376,3
0.00092416,0.11111,0.88277,9.8129e-06,6.6131e-05,0.005113,3
7.3311e-07,0.19064,0.0028969,1.3624e-05,0.00057046,0.80588,3
2.3262e-10,0.14246,0.0001622,6.1672e-07,5.6286e-05,0.85732,3
2.6579e-11,0.20532,0.00037597,2.174e-07,0.0030258,0.79127,3
5.2302e-21,0.0016595,5.5481e-12,9.2057e-13,0.010724,0.98762,4
0.034378,0.0071702,0.04464,0.90879,0.0043459,0.00067534,2
0.0013897,0.00013024,0.0011919,0.99676,0.00052752,1.3348e-06,2
0.025476,0.0017008,2.8399e-07,0.010119,0.96224,0.00045969,3
0.00027829,8.6427e-07,7.2389e-10,0.00013584,0.99958,2.1068e-06,3
1.1124e-07,1.4103e-09,7.5471e-14,1.7176e-07,1,1.6953e-07,4
6.7937e-12,1.3809e-13,2.5161e-18,2.9318e-11,1,7.9127e-07,4
6.8981e-17,6.1971e-19,5.5533e-25,3.2522e-17,1,9.7165e-08,4
0.96949,0.024466,3.7165e-07,0.0060344,2.4392e-06,2.278e-06,2
1.4023e-15,9.0446e-10,1.5603e-14,1.1254e-09,0.0056939,0.99431,4
2.3201e-30,1.2368e-18,1.0102e-28,8.3687e-19,4.9011e-05,0.99995,4
3.8137e-44,2.8255e-28,9.1946e-43,4.835e-30,1.3726e-07,1,4
1.715e-54,3.2882e-38,3.0995e-50,9.1505e-37,1.8941e-10,1,4
0.0018903,0.0044139,0.13291,0.77712,0.071341,0.012325,3
1.1272e-07,0.00024352,5.6675e-11,9.3455e-07,0.99916,0.00059356,3
8.5586e-15,8.1461e-08,8.3775e-21,2.9421e-13,1,3.1977e-07,3
6.83e-22,4.0358e-11,6.4252e-27,8.4353e-20,1,8.3086e-08,3
2.0752e-28,2.7565e-14,8.3581e-31,1.5289e-24,1,2.1331e-07,4
1.7719e-32,3.8946e-18,4.0427e-34,4.8015e-25,1,6.3233e-07,4
0.0093661,0.026995,0.00014401,0.66292,0.29795,0.0026255,4
0.95886,0.040265,0.00056662,2.048e-05,2.8681e-09,0.00029175,2
3.1133e-05,0.10151,0.15055,0.013306,0.024408,0.71019,2
0.78613,0.04704,0.13844,0.028113,4.1928e-05,0.00023451,1
0.020042,0.023988,0.0013851,0.7425,0.2112,0.00088319,2
1.1546e-05,0.00037369,3.5003e-06,0.76043,0.23916,1.9939e-05,2
0.00055067,0.0036115,0.011056,0.60274,0.34278,0.039269,2
0.22551,0.013636,0.55513,0.20313,0.001064,0.0015321,2
0.43029,0.0020485,0.56318,0.0044494,1.6477e-06,2.8771e-05,2
0.11524,0.072094,0.80217,0.00054954,1.1942e-05,0.0099357,2
0.0062418,0.0024578,0.9907,0.0002316,5.5664e-07,0.00036398,2
0.0097692,0.0041004,0.67137,0.3023,0.0037307,0.0087337,1
2.0753e-05,2.939e-05,0.072091,0.92115,0.005227,0.0014776,1
1.8025e-13,2.2038e-06,2.6867e-51,6.1519e-43,1,9.6184e-13,1
0.0051633,0.027223,0.049987,0.88255,0.0067074,0.028367,2
0.12306,0.055043,0.82009,0.00065186,0.00013521,0.0010159,2
0.36411,0.20365,0.4321,4.7569e-06,6.6197e-08,0.00012845,1
0.27526,0.012245,0.53602,0.17524,0.00044247,0.00078644,2
0.00064366,0.015739,0.00043927,0.22581,0.75296,0.0044082,2
0.049858,0.2143,0.20525,0.47283,0.052131,0.0056283,4
0.045407,0.034413,0.88197,0.027014,0.0050794,0.0061194,1
0.0050453,0.007967,0.75249,0.0077911,0.0016679,0.22503,2
0.4757,0.012061,0.16235,0.34839,0.00064246,0.00084927,2
0.15978,0.00085685,0.019914,0.81927,0.0001662,1.1241e-05,2
0.031882,0.00094057,0.0027798,0.79631,0.15943,0.0086576,2
0.00024363,0.00011794,0.0041214,0.66939,0.19034,0.13579,1
2.6001e-06,0.0025359,2.1395e-05,9.8573e-09,4.8713e-05,0.99739,3
8.7773e-12,8.824e-06,5.3466e-09,2.6699e-13,3.6656e-08,0.99999,3
4.1335e-19,1.0932e-09,1.005e-14,5.2902e-17,5.0441e-11,1,3
5.6585e-27,1.2625e-14,2.1039e-21,9.5868e-22,8.187e-15,1,3
3.126e-33,9.89e-19,8.9844e-32,2.3414e-32,1.5529e-21,1,3
2.2532e-38,6.4055e-25,1.8888e-36,4.0171e-33,2.6057e-20,1,4
2.8805e-47,1.0591e-32,2.7215e-45,8.8336e-35,2.5908e-21,1,4
0.0025361,0.0020057,0.010658,0.9431,0.03436,0.0073363,1
0.035587,0.031559,0.29442,0.62195,0.014465,0.0020243,1
0.040654,0.025861,0.82612,0.10436,0.0012194,0.0017836,2
0.00061718,0.0036067,0.40624,0.58756,0.0011919,0.00078582,2
0.34602,0.084198,0.56416,6.2483e-07,1.8221e-06,0.0056214,2
0.16563,0.014926,0.81919,4.0787e-07,3.6559e-08,0.00025334,2
0.040404,0.013484,0.0009001,0.76487,0.1797,0.00064232,2
0.023031,0.0086953,0.65826,0.30569,0.0021678,0.0021609,2
0.7614,0.13677,5.3775e-08,0.10011,0.0017026,1.3616e-05,2
0.71976,0.069267,1.6672e-07,0.20855,0.0024214,4.1963e-08,2
1.5639e-06,0.00016664,0.00035462,0.05119,0.63605,0.31224,4
2.8501e-17,1.6497e-10,1.3922e-12,2.136e-06,0.1757,0.8243,4
0.6924,0.037075,0.27028,3.0735e-05,5.424e-06,0.0002068,1
0.14157,0.046794,0.81145,1.4327e-07,6.339e-08,0.00018994,1
0.35546,0.044721,0.59375,0.0055652,2.7946e-05,0.0004758,2
0.99628,0.0031689,0.0004522,9.5245e-05,1.0681e-07,2.2585e-06,1
3.7444e-08,7.6018e-05,1.0656e-06,0.031309,0.026638,0.94198,4
0.063576,0.92692,6.6763e-05,6.4385e-15,4.432e-10,0.0094414,1
0.9763,0.022205,0.00058587,0.00090222,1.7247e-06,2.683e-06,1
0.00052887,0.00083409,0.042971,0.86777,0.067994,0.019901,3
2.0484e-07,0.00054856,1.9212e-06,0.00043909,0.96224,0.036766,4
2.2799e-15,2.0294e-07,7.5381e-13,8.7124e-08,0.99735,0.0026525,4
2.5054e-25,7.7e-12,8.2602e-21,4.2445e-12,0.99796,0.0020449,4
2.2685e-06,0.00073565,0.0043683,0.084576,0.42927,0.48105,4
1.1682e-06,9.719e-05,5.2329e-06,0.012344,0.87499,0.11256,3
0.17723,0.73458,0.071425,4.638e-09,2.7089e-06,0.016754,1
0.17194,0.015709,0.80065,1.889e-05,4.3846e-06,0.011678,2
0.0018133,0.00024055,0.9125,0.00012792,2.0728e-06,0.08532,2
0.00088142,0.0015481,0.020247,0.78752,0.16981,0.019989,2
9.9913e-07,1.0725e-05,0.0002677,0.91742,0.081576,0.00072226,2
4.8264e-09,1.127e-07,2.408e-06,0.97298,0.027002,1.0336e-05,2
9.4239e-12,5.7077e-10,2.5901e-08,0.97326,0.026731,8.225e-06,2
1.9411e-14,4.4206e-12,3.5368e-10,0.97184,0.028155,7.0595e-06,2
0.097432,0.005472,0.8914,0.0027065,6.6575e-05,0.0029221,3
0.017484,0.00016651,0.98025,0.001887,7.2638e-07,0.00021352,3
0.048451,4.0565e-05,0.94759,0.003713,9.5117e-07,0.00020004,4
0.0025773,9.0453e-07,0.99699,0.00019379,2.4412e-07,0.00023889,4
0.00027444,2.7946e-08,0.99186,0.0061935,4.7736e-07,0.0016724,4
1.4039e-05,2.1411e-09,0.99872,0.00021727,7.6892e-07,0.001049,4
0.0006933,0.013363,0.013526,0.30938,0.55523,0.1078,2
2.7669e-07,0.00015848,0.00011354,0.095397,0.88739,0.016945,2
1.1817e-10,3.0153e-07,4.2109e-07,0.096063,0.90187,0.0020699,2
1.0328e-14,5.2114e-09,1.8045e-08,0.032596,0.96703,0.00036953,1
2.923e-19,3.2115e-12,2.1149e-12,0.0010882,0.99866,0.00025452,2
0.12347,0.0082323,0.86186,0.0014174,9.0866e-05,0.0049333,2
0.97612,0.012977,0.010859,1.548e-07,2.841e-09,4.1394e-05,2
0.99801,0.0018766,0.00011819,6.9926e-10,3.5873e-12,3.6457e-08,2
0.99986,0.00013768,5.9693e-06,6.1237e-13,1.0482e-15,1.576e-10,1
0.9998,6.8618e-06,0.00019001,1.2498e-09,1.5364e-14,1.8843e-11,1
0.99948,5.8335e-07,0.00051824,1.659e-08,2.8574e-15,1.0793e-09,1
0.99998,5.212e-08,2.1967e-05,8.6457e-12,3.8602e-18,1.0189e-09,1
0.021829,0.45,0.25781,0.15306,0.047963,0.069334,4
0.76408,0.027463,0.20473,1.2015e-05,2.4271e-06,0.0037075,3
9.3484e-07,0.0042027,3.0982e-05,4.4173e-06,0.0029749,0.99279,4
0.031917,0.0051091,0.081711,0.85879,0.020601,0.0018721,4
9.3906e-05,4.9711e-05,0.013751,0.97729,0.008682,0.00013795,4
2.1795e-07,2.8237e-07,0.002298,0.99474,0.0029436,1.4117e-05,4
3.8071e-11,6.5685e-10,8.41e-05,0.98404,0.015819,5.2406e-05,4
0.00044995,0.0011275,0.010928,0.78681,0.18642,0.014269,4
0.0035552,0.0022509,0.01587,0.96133,0.012611,0.0043811,2
6.4055e-05,1.4058e-05,0.00020481,0.99679,0.002915,1.253e-05,2
3.5295e-06,1.3361e-07,1.417e-05,0.99878,0.0012021,6.7866e-07,2
1.9604e-07,1.7236e-09,1.7892e-07,0.99652,0.0034768,3.971e-07,2
9.5118e-09,1.9415e-11,1.1865e-08,0.9995,0.00049702,5.7249e-07,2
2.929e-09,1.7768e-11,3.7096e-13,0.88065,0.11935,6.3248e-07,2
1.1558e-13,1.7654e-13,1.2417e-14,0.3701,0.62976,0.00013207,4
2.3284e-23,7.5961e-18,7.0538e-22,3.5266e-05,0.9994,0.00056041,4
0.07416,0.069577,0.0028503,0.8153,0.037858,0.00024961,1
7.7228e-05,0.71104,1.7419e-06,0.24455,0.044328,1.629e-06,1
0.0096158,0.18257,0.4383,0.35273,0.012311,0.0044687,2
0.0025723,0.067946,0.83153,0.097786,7.339e-05,9.0428e-05,2
0.4852,0.33543,0.003101,0.17079,0.0043563,0.0011266,1
0.051622,0.76733,6.0139e-05,0.17899,0.0019679,2.7489e-05,1
0.111,0.0098696,0.87489,0.0032841,7.0721e-05,0.00089384,1
0.021937,0.0010825,0.97692,1.0294e-05,4.552e-08,5.3707e-05,1
2.4601e-10,0.00077747,2.3087e-05,1.3378e-05,0.55768,0.4415,4
0.40539,0.41979,0.014679,1.7383e-05,0.00012834,0.15999,2
0.035662,0.0044801,0.94392,0.0127,0.00023752,0.0030036,1
0.012974,0.00012789,0.98563,0.0010629,6.9062e-07,0.00019959,1
0.0017204,5.7719e-06,0.93883,0.058476,4.9516e-06,0.00096718,1
4.6387e-06,0.054459,0.0071279,0.0040623,0.84521,0.08914,2
0.0017602,0.0226,0.29252,0.53169,0.12247,0.028964,3
1.8135e-05,0.0056482,0.01919,0.59458,0.37842,0.0021403,4
0.0026615,0.0013657,0.038474,0.9056,0.045992,0.0059111,1
0.39727,0.12928,0.46925,0.0011683,0.00075311,0.0022818,1
0.00042578,0.0039755,8.8482e-07,0.011104,0.98398,0.00051827,2
0.28355,0.042301,0.66879,1.0417e-05,4.2458e-06,0.0053466,1
9.92e-05,3.4332e-05,9.8914e-05,0.12743,0.30597,0.56637,4
1.4041e-09,1.8217e-09,2.8791e-09,0.012801,0.25982,0.72738,4
2.6506e-16,4.4458e-15,1.8359e-16,3.5212e-05,0.23213,0.76783,4
4.6026e-26,1.5293e-21,2.9125e-26,5.2978e-10,0.068633,0.93137,4
0.55547,0.043688,0.3989,0.0010873,2.2944e-06,0.00085028,2
0.21647,0.00497,0.77839,0.0001236,6.4564e-08,4.7664e-05,2
0.35087,0.04687,0.60063,0.0011266,3.1288e-06,0.00050537,1
0.11548,0.0075144,0.52075,0.33807,0.0075533,0.010635,3
0.01858,0.00011287,0.3373,0.64158,0.0014693,0.00095257,4
0.17045,0.43512,0.38957,0.0011121,0.00097424,0.0027742,1
0.062673,0.61014,0.32709,1.4172e-05,1.4669e-05,6.8177e-05,1
0.028372,0.096187,0.82832,2.1742e-05,0.00029458,0.046809,3
0.00052679,0.026018,0.96977,8.0675e-06,5.1276e-06,0.0036697,3
9.017e-06,0.00083852,0.99522,7.6319e-06,2.8681e-07,0.0039289,3
7.483e-07,5.1559e-05,0.9961,1.4028e-06,1.0557e-09,0.0038481,3
4.2179e-07,1.9104e-05,0.99175,2.0853e-07,2.9426e-10,0.0082304,3
1.0851e-06,5.4946e-06,0.77374,3.3356e-06,1.1528e-09,0.22625,3
9.9265e-08,9.9633e-08,0.4626,0.00011674,3.2039e-09,0.53728,4
6.6393e-12,5.4139e-12,3.9838e-05,2.3484e-06,7.0313e-08,0.99996,4
0.0018811,0.21361,0.10091,1.5842e-05,0.024721,0.65886,2
0.085863,0.0104,0.89897,0.00084719,2.0467e-05,0.0038977,1
0.021348,0.00058214,0.97728,0.00072435,2.1331e-07,6.3965e-05,1
0.0023987,8.9202e-05,0.99733,8.9442e-05,1.2636e-07,9.3893e-05,1
0.00078918,1.5427e-05,0.99916,3.0916e-06,7.2262e-10,3.0866e-05,1
0.00017379,2.8337e-06,0.99978,6.5642e-06,6.037e-11,3.7159e-05,1
0.2416,0.021502,0.73204,0.0042888,5.9711e-05,0.00050947,2
0.006495,0.00086228,0.99189,0.00052493,8.1153e-07,0.00022937,2
2.1813e-08,7.7803e-07,5.2552e-06,0.00063002,0.0038522,0.99551,3
0.99466,0.0053344,4.5758e-07,5.4488e-09,2.9147e-12,8.6721e-07,1
0.99963,0.0003265,1.3828e-05,3.2805e-05,8.3091e-12,7.7161e-11,1
1,3.3581e-06,1.7214e-09,3.6613e-11,5.6686e-18,4.9284e-13,1
0.99999,2.1325e-07,1.257e-05,1.3783e-07,1.157e-15,8.5251e-16,1
0.99998,4.2047e-09,2.3172e-05,1.4343e-06,5.2323e-16,3.348e-12,1
0.028464,0.1118,0.45086,0.38893,0.015167,0.0047752,1
0.91391,0.057434,0.028097,9.8665e-09,2.9508e-09,0.0005553,1
2.6919e-08,0.00014162,3.5092e-08,7.7788e-05,0.76477,0.23501,4
0.61241,0.038538,4.2027e-05,0.33267,0.016218,0.00011901,2
0.28555,0.1663,7.2967e-06,0.53899,0.0091626,2.2885e-07,2
0.0086108,0.0014186,0.14682,0.81348,0.010504,0.01916,2
0.00040536,2.459e-05,0.016947,0.97251,0.0020987,0.0080118,2
0.049345,0.86623,0.001466,0.056914,0.023753,0.0022907,4
0.0059247,0.52392,2.9294e-05,0.46475,0.0053238,4.8267e-05,4
0.0039375,0.1356,5.1524e-08,0.85945,0.0010126,1.0617e-07,4
2.0756e-05,0.06026,2.0454e-06,0.91195,0.027754,1.8164e-05,4
0.82927,0.089972,1.2731e-05,0.080211,0.00052873,4.7154e-06,1
0.57338,0.39821,3.0932e-06,0.028367,3.3853e-05,4.326e-09,1
0.10828,0.026807,0.73239,0.13096,0.00067036,0.00089049,2
0.55727,0.057605,0.38431,0.00014952,4.4494e-06,0.00066197,4
0.017058,0.0018629,0.065331,0.89044,0.021806,0.0035007,1
0.021758,0.1114,0.7163,0.11628,0.022441,0.011816,2
